185.929474 	193.092575 	198.946350 	181.003464 	190.974319 	196.961212 	188.042221 	191.752319 	179.878555 	188.420151 	190.976242 	193.617889 	188.279938 	191.897537 	172.022842 	202.626694 	176.476837 	192.888336 	189.638306 	196.239807 	200.453629 	180.499100 	196.207291 	198.200867 	193.790680 	193.339767 	201.351501 	205.709503 	193.443466 	185.447510 	194.205338 	194.676651 	192.556458 	199.528030 	200.538330 	195.733475 	215.898560 	190.832016 	185.240173 	178.960571 	205.658508 	180.576324 	188.115692 	180.308350 	192.042557 	189.206085 	210.917984 	185.880249 	208.749115 	201.727097 
185.929474 	193.092575 	198.946350 	181.003464 	190.974319 	196.961212 	188.042221 	191.752319 	179.878555 	188.420151 	190.976242 	193.617889 	188.279938 	191.897537 	172.022842 	202.626694 	176.476837 	192.888336 	189.638306 	196.239807 	200.453629 	180.499100 	196.207291 	198.200867 	193.790680 	193.339767 	201.351501 	205.709503 	193.443466 	185.447510 	194.205338 	194.676651 	192.556458 	199.528030 	200.538330 	195.733475 	215.898560 	190.832016 	185.240173 	178.960571 	205.658508 	180.576324 	188.115692 	180.308350 	192.042557 	189.206085 	210.917984 	185.880249 	208.749115 	201.727097 
191.753418 	198.500534 	209.013931 	186.842972 	197.346039 	203.732635 	194.826218 	198.107025 	192.956558 	195.434357 	193.897827 	193.995407 	196.109116 	197.449844 	184.006821 	211.367081 	188.457108 	203.037323 	199.901291 	204.596756 	209.459747 	191.500824 	206.534668 	206.340195 	202.579926 	201.808502 	214.616043 	211.369888 	203.073578 	194.917740 	200.498596 	199.783356 	202.259842 	210.808807 	210.667343 	205.294006 	225.145248 	198.376221 	192.203308 	191.991196 	215.091003 	194.541840 	193.126160 	186.581619 	193.735413 	196.432007 	218.545837 	192.531021 	219.722702 	212.738449 
197.848633 	204.382156 	216.836761 	193.111969 	202.984451 	209.187851 	201.816086 	202.601608 	204.780640 	203.013428 	200.589020 	202.381195 	203.470016 	204.475464 	196.967712 	217.011414 	200.340424 	210.825882 	208.285370 	210.917389 	216.622849 	201.992310 	213.393448 	212.823486 	211.133530 	208.527359 	224.507019 	215.490906 	210.489258 	202.178329 	206.370819 	206.124481 	210.633408 	219.425262 	219.703995 	213.251236 	233.499252 	205.704498 	199.915741 	204.668564 	223.947189 	205.599396 	198.105652 	196.765686 	195.046646 	203.179459 	226.674515 	200.271317 	229.352081 	222.367966 
206.100311 	214.437195 	225.864914 	202.959824 	208.827072 	214.905563 	212.404526 	209.332840 	217.649368 	214.299637 	212.484833 	214.958206 	213.444977 	212.991745 	213.659256 	222.261978 	215.083939 	217.408554 	217.704254 	215.511566 	225.009720 	215.394119 	220.251953 	218.930008 	222.061203 	217.155731 	231.964813 	220.073715 	218.938354 	211.073273 	215.312012 	215.929489 	221.310089 	227.299942 	231.549911 	221.490128 	239.432236 	215.451416 	211.634460 	221.223282 	237.544754 	217.613632 	205.975250 	209.406967 	199.706146 	212.530914 	236.716690 	212.227295 	238.256500 	234.263336 
215.591400 	226.374741 	236.994217 	215.076477 	218.970322 	223.858292 	224.676407 	220.546387 	230.421188 	226.733536 	224.381622 	224.945572 	224.410995 	223.389130 	228.463760 	229.049805 	228.343292 	225.244064 	225.138687 	222.788788 	231.571503 	227.074493 	226.753571 	225.140640 	234.426392 	227.291367 	239.987350 	228.401733 	229.780472 	221.584244 	227.012070 	227.724091 	233.075546 	234.716095 	252.699310 	229.357727 	245.942703 	226.503830 	224.469864 	235.801132 	249.062057 	231.264526 	219.348892 	221.185074 	211.026428 	222.949951 	247.065750 	225.192276 	246.153061 	245.254196 
226.455994 	238.970612 	247.047485 	227.109177 	226.721756 	233.559113 	235.081650 	231.982391 	241.139389 	236.716034 	235.498734 	233.140656 	234.085785 	232.728943 	240.715530 	233.594818 	240.986740 	232.738449 	232.420807 	231.690735 	237.468140 	236.430969 	231.655563 	231.338196 	244.738098 	235.188965 	249.365372 	237.858917 	239.765701 	231.873230 	237.175293 	237.107285 	243.142807 	241.515869 	272.001129 	235.775635 	255.276917 	235.437775 	233.983353 	246.114563 	254.150223 	242.331787 	235.520844 	231.302277 	223.212616 	231.681946 	258.442749 	236.348785 	252.641052 	252.580994 
236.044434 	249.811371 	256.198608 	237.477570 	234.921982 	241.777878 	242.845016 	242.316956 	249.331284 	244.617065 	245.124222 	242.153641 	241.527618 	240.539871 	250.863571 	236.326981 	250.911621 	239.754257 	240.234512 	239.083435 	241.625641 	245.237503 	236.588608 	236.597580 	253.362411 	240.016266 	257.333344 	245.336487 	247.287857 	239.874741 	245.197556 	244.511444 	250.253128 	246.753235 	282.667633 	241.136536 	262.477905 	240.877106 	242.203796 	254.399597 	257.987854 	250.930130 	249.623489 	239.704132 	232.835602 	238.988846 	266.638763 	245.237701 	257.120026 	254.347885 
242.952667 	256.569672 	263.914856 	243.837814 	241.084961 	247.455688 	249.040894 	249.604584 	254.174255 	250.179459 	251.351471 	250.571259 	246.051895 	246.786057 	259.844971 	236.439240 	257.818512 	246.809952 	247.202087 	244.921509 	244.342850 	251.987946 	239.840164 	239.776215 	258.511383 	242.339508 	262.481049 	249.646072 	252.332458 	244.233261 	248.640976 	250.668701 	253.065445 	249.389664 	284.777222 	244.999512 	265.997833 	244.236465 	248.230591 	259.274597 	260.416077 	254.784348 	257.614624 	246.169266 	237.697388 	246.874664 	267.839142 	251.131271 	258.697113 	248.100281 
249.397476 	261.108978 	270.612915 	248.378403 	249.638153 	251.649963 	254.872742 	253.752838 	257.611450 	254.285721 	255.472794 	255.099747 	250.360275 	254.368195 	268.102692 	238.601715 	263.887939 	252.591766 	253.579300 	249.933441 	247.257874 	258.113556 	240.406311 	241.056091 	259.627136 	244.795929 	264.630371 	252.014603 	254.699066 	248.778168 	249.645645 	256.561584 	254.443329 	251.562698 	282.108429 	249.412369 	269.926575 	248.024994 	252.885666 	263.781830 	263.738373 	256.004120 	260.418335 	251.239731 	241.305969 	254.856796 	266.167999 	256.299835 	260.376312 	233.012726 
255.166046 	265.292694 	275.811218 	253.092560 	254.832245 	254.191849 	259.774414 	257.217285 	260.300659 	258.153870 	259.694397 	256.813538 	255.450256 	260.232910 	274.535065 	243.209320 	269.805786 	257.409271 	259.541107 	254.053894 	249.238098 	263.487122 	238.415405 	240.536652 	258.478210 	248.835526 	266.333588 	253.806015 	255.627472 	254.154068 	251.311279 	261.001678 	257.006958 	253.753036 	275.458923 	256.027374 	272.632721 	251.169754 	257.704163 	266.615387 	267.499237 	256.692230 	273.463287 	255.694534 	243.852615 	259.428345 	262.388367 	261.819672 	262.464874 	220.678101 
260.513855 	271.985046 	278.234406 	257.716553 	256.343506 	254.706467 	264.255554 	260.183319 	261.320313 	262.773102 	263.381104 	259.888641 	259.851593 	264.467010 	280.954895 	246.703781 	274.971680 	261.473572 	264.106873 	257.746857 	246.657898 	268.253601 	234.689148 	238.181000 	261.036285 	255.132523 	268.034393 	256.082367 	256.880310 	258.530579 	252.416412 	264.705353 	258.929749 	254.884903 	268.021057 	263.955383 	266.667664 	253.711792 	262.887207 	268.267487 	264.010376 	256.952515 	295.630005 	260.897583 	245.362305 	259.419617 	249.958588 	264.824463 	263.370697 	214.088928 
262.080994 	276.759949 	274.776001 	260.815582 	256.155518 	254.063004 	267.374939 	261.939026 	260.385742 	265.852448 	262.866425 	262.498077 	261.809265 	267.152588 	284.111267 	247.050323 	276.994476 	262.675415 	265.916016 	260.012573 	239.311951 	270.924652 	225.631836 	234.348175 	264.747528 	262.859680 	269.114807 	257.335236 	257.457855 	259.243225 	253.007324 	266.006653 	258.781982 	255.818741 	261.315430 	265.649780 	254.952667 	256.008270 	261.485168 	267.981812 	248.359436 	257.622894 	298.718597 	265.065704 	245.592468 	255.766113 	237.586243 	261.253204 	261.574799 	209.618484 
259.794128 	276.809967 	268.949066 	259.375946 	256.216949 	252.203156 	263.767914 	260.730072 	257.813049 	264.091064 	262.603821 	262.571716 	261.475464 	265.421722 	282.879791 	245.054092 	276.455902 	262.836853 	265.264038 	261.359589 	236.827423 	272.025146 	218.767548 	229.755493 	266.894135 	269.642975 	269.436707 	255.681976 	255.224014 	256.413269 	252.051559 	265.628357 	258.546539 	255.075516 	251.700989 	260.278931 	242.779556 	258.258484 	262.050415 	268.211426 	229.124634 	260.117828 	280.726013 	265.961182 	244.182785 	259.238495 	235.631317 	262.803406 	255.643082 	208.335617 
257.807983 	273.482666 	264.715485 	254.064972 	256.136536 	247.706696 	258.331055 	254.008072 	254.880951 	257.763885 	262.882233 	264.864044 	258.938110 	256.882263 	279.869507 	241.552139 	277.012238 	264.496002 	259.788696 	262.397430 	237.647446 	271.151215 	221.529053 	226.877014 	267.488556 	274.753601 	266.553986 	252.908493 	252.326981 	254.655930 	248.854095 	264.200836 	251.655655 	250.265930 	240.817108 	255.086899 	234.109009 	259.167084 	265.152100 	265.283539 	227.510315 	260.707855 	264.424591 	263.586792 	241.762711 	263.785492 	244.003036 	263.969635 	248.567245 	210.416092 
254.714279 	267.085999 	257.573700 	251.795441 	255.187836 	241.626984 	261.273682 	246.745331 	254.640884 	254.254684 	258.348816 	261.933807 	256.743835 	252.941895 	274.356445 	235.441025 	276.459686 	263.622955 	253.695236 	261.810272 	238.740646 	267.514771 	224.816025 	226.537750 	266.119995 	277.922424 	261.677582 	247.661835 	247.487411 	253.839890 	246.344955 	263.452728 	247.687195 	244.404800 	232.754242 	252.032791 	228.652435 	256.283997 	260.716980 	256.729706 	236.481857 	261.280823 	258.212097 	259.681152 	237.535828 	257.521240 	262.519562 	259.715820 	241.286438 	212.153839 
249.352112 	255.597137 	247.751785 	246.493927 	253.118484 	236.636032 	250.979980 	247.978958 	252.140366 	254.868576 	250.995850 	256.214386 	253.075836 	250.340652 	270.214874 	226.901047 	272.799164 	259.185150 	250.079742 	257.867706 	239.386703 	263.363373 	225.849762 	229.548508 	262.568756 	276.925476 	256.318787 	238.081161 	241.747818 	249.638504 	242.039444 	260.226440 	241.147949 	239.808258 	227.538681 	249.408279 	221.641190 	251.695526 	254.792679 	254.113464 	241.595444 	262.635864 	253.094055 	254.223984 	234.673904 	244.547272 	222.804611 	253.616714 	231.531021 	214.210480 
244.492966 	244.339233 	238.026840 	243.472366 	252.066208 	228.909012 	246.201736 	247.135345 	248.424316 	248.577408 	252.101776 	244.478928 	250.049744 	249.351379 	265.686707 	221.192444 	265.035370 	252.780426 	248.185150 	250.076187 	235.706482 	257.125641 	225.975540 	229.249359 	250.167923 	272.496277 	253.907410 	231.994019 	237.731720 	244.925430 	237.141159 	252.124557 	235.853104 	235.144669 	223.409256 	248.102127 	214.132904 	246.380310 	243.151016 	247.625198 	257.700806 	262.937225 	246.129730 	249.399155 	231.807770 	237.794693 	213.939804 	244.442444 	221.813828 	217.112885 
239.761429 	235.770615 	230.403122 	239.266342 	247.100937 	225.338684 	241.485733 	244.237839 	245.228928 	242.268402 	244.785019 	239.358841 	244.756638 	244.276016 	259.310974 	217.556519 	256.472046 	246.707092 	246.517899 	245.831741 	230.206757 	251.195084 	225.277069 	228.280655 	241.275024 	265.929535 	247.137772 	228.334351 	235.501480 	240.472122 	235.762939 	242.282471 	234.660141 	229.712006 	217.684814 	245.112289 	208.409103 	238.759903 	236.673004 	245.999985 	224.904419 	265.674194 	240.325394 	246.397232 	233.665985 	235.334320 	192.631012 	233.468445 	216.193298 	220.211594 
234.738678 	230.258224 	223.951599 	234.720047 	242.669708 	221.102722 	236.577179 	241.343414 	247.155396 	238.846802 	238.389328 	239.561920 	235.934937 	235.706604 	251.156708 	215.963425 	252.025009 	242.507584 	242.363876 	239.736343 	225.649567 	246.976349 	223.843658 	228.002106 	232.814636 	259.252747 	236.270920 	224.343475 	234.520264 	237.666824 	234.100464 	239.607666 	231.569168 	224.392380 	212.268188 	242.676987 	204.363846 	232.031799 	234.725586 	241.352585 	183.657822 	268.040894 	226.863724 	241.952377 	231.048981 	233.303284 	181.265930 	232.712845 	209.328201 	221.340179 
230.315781 	225.534637 	217.358353 	229.004471 	242.169922 	218.276855 	230.132156 	234.552887 	250.147049 	236.904114 	235.387283 	235.931229 	233.590866 	231.313995 	245.895340 	215.411484 	249.526688 	236.961929 	238.150909 	235.643753 	221.808975 	242.923370 	221.311722 	228.847656 	227.568741 	253.644852 	227.838638 	221.453705 	233.187943 	232.384979 	231.938217 	234.435135 	227.732849 	220.395935 	207.319733 	238.255356 	201.002930 	228.751404 	234.067078 	240.127106 	171.069778 	271.823700 	209.214127 	237.177856 	231.389069 	232.013260 	175.773834 	229.146469 	203.200470 	220.613220 
229.469360 	219.015045 	209.838013 	226.853912 	237.579544 	215.504456 	225.953323 	227.980560 	252.424652 	231.616287 	227.263031 	229.654739 	232.905121 	229.127655 	242.622269 	214.588348 	246.046219 	231.974579 	233.916473 	233.002594 	220.368454 	239.202362 	220.180527 	228.314545 	225.465820 	246.727600 	220.638000 	217.008331 	230.686249 	230.548523 	229.732452 	230.995514 	226.805450 	217.061234 	200.488113 	231.944550 	197.785065 	226.542282 	230.365845 	238.740509 	169.155304 	269.707825 	201.312912 	233.905457 	224.754288 	230.438095 	174.356659 	224.976410 	200.885941 	217.565674 
226.850708 	212.643066 	203.131699 	227.618027 	233.666626 	214.633118 	226.028229 	229.645584 	255.246124 	227.736420 	222.744400 	224.666611 	230.867279 	227.516678 	240.581848 	215.627274 	242.634064 	229.843033 	230.449799 	228.589752 	218.558105 	235.304886 	221.614655 	225.085922 	224.537704 	237.876465 	213.405212 	216.149292 	226.770538 	228.149338 	229.008087 	229.032547 	226.645325 	214.054962 	194.454727 	229.494171 	194.336502 	225.438736 	229.910751 	238.696259 	169.053528 	267.457245 	196.317764 	230.732452 	227.506134 	227.296967 	174.836929 	222.958679 	197.020325 	215.475006 
224.436111 	207.923798 	198.218735 	225.823837 	226.613556 	213.747452 	223.781784 	225.432968 	256.984070 	225.899231 	225.443237 	222.171188 	228.868774 	226.369003 	238.655716 	216.857880 	238.483810 	227.868591 	227.684845 	225.393768 	215.694565 	231.580688 	223.886475 	225.229218 	221.522064 	230.251862 	208.552658 	217.670212 	229.370285 	225.346863 	228.750107 	224.827667 	225.707611 	211.297729 	190.893723 	228.589447 	190.854858 	224.272461 	224.165970 	237.258591 	170.995010 	268.723907 	194.122467 	228.185089 	226.961090 	223.793167 	176.952332 	220.073807 	194.363525 	216.996536 
226.283646 	205.206268 	193.872910 	221.762146 	222.577621 	212.430771 	219.660828 	219.281708 	257.792480 	225.047485 	227.032639 	220.430557 	224.936829 	224.606430 	237.854752 	217.126938 	235.897995 	224.084091 	225.270065 	224.507675 	212.682724 	228.981293 	224.234497 	224.111710 	217.906647 	223.366699 	203.862671 	218.502243 	224.107407 	222.711670 	228.794601 	221.607056 	225.317520 	207.752365 	187.746216 	225.482590 	188.637787 	223.186752 	220.076462 	237.400223 	174.205429 	266.456177 	194.557007 	226.103226 	223.592590 	220.423691 	180.512527 	219.202423 	193.578171 	220.562592 
223.006973 	201.904800 	191.242996 	219.818848 	219.196091 	212.951080 	215.942612 	221.002884 	256.653473 	222.570709 	224.315826 	217.259521 	220.696182 	220.276505 	237.779434 	218.311859 	234.263245 	223.347473 	222.701019 	220.421860 	210.564804 	226.269562 	224.336960 	222.204193 	216.155289 	216.090073 	201.051514 	217.744110 	218.489151 	219.055984 	229.161713 	219.810928 	225.295380 	204.087540 	187.065750 	222.769241 	187.669449 	220.295914 	216.465393 	238.164078 	178.094208 	254.569855 	195.831467 	224.002472 	224.530167 	218.841782 	184.383850 	219.224396 	192.874191 	221.456833 
219.463608 	199.142151 	189.589294 	219.238815 	216.540009 	213.427246 	214.689636 	218.634811 	255.160461 	219.145203 	217.237244 	215.345932 	217.443054 	218.580688 	237.469208 	218.971054 	232.709808 	220.478195 	220.876709 	218.399872 	208.514236 	225.268188 	224.941208 	222.436188 	214.946075 	209.730331 	198.217575 	216.505692 	221.543427 	218.702621 	228.438522 	216.911285 	226.224579 	201.467743 	187.347046 	220.016251 	187.651428 	217.360703 	214.996445 	238.507980 	182.669342 	244.116898 	196.967407 	223.134872 	222.601334 	218.364319 	188.007095 	218.743378 	188.716003 	219.996002 
218.673676 	197.316315 	188.581177 	219.802399 	213.892990 	213.563889 	216.646927 	212.865921 	254.254089 	213.494492 	211.496307 	214.183929 	213.417709 	215.237427 	235.713760 	217.983566 	231.827423 	217.563278 	219.119888 	216.672012 	207.997894 	224.607147 	225.444427 	222.472198 	210.803818 	206.823441 	197.429092 	216.166946 	221.393875 	219.861252 	228.864273 	214.700897 	227.383682 	199.780609 	187.303635 	214.883194 	186.898102 	216.087448 	214.939301 	238.492859 	187.725800 	232.778397 	197.214661 	221.209915 	220.005417 	217.185532 	191.581238 	215.270859 	187.675537 	218.813339 
218.521225 	196.470551 	187.383560 	219.049393 	212.545715 	214.642059 	215.195557 	210.962662 	253.556519 	209.204117 	208.100098 	212.716003 	211.217972 	211.490448 	235.772980 	218.113541 	229.882324 	214.561996 	217.856491 	213.514343 	207.638062 	222.934814 	226.924515 	222.422379 	205.993103 	203.962830 	195.560638 	216.336761 	219.188034 	219.852661 	227.762711 	211.663406 	227.665634 	199.513474 	186.368378 	212.708832 	185.753265 	212.306427 	213.057831 	239.910843 	193.046127 	223.165924 	197.956726 	219.841003 	221.086884 	214.200928 	195.021790 	210.452133 	190.354370 	218.010895 
217.267731 	195.768829 	187.587662 	219.614120 	210.193420 	215.441467 	212.186951 	208.909088 	249.955399 	207.914047 	205.666626 	209.847076 	208.378891 	208.642761 	235.747742 	217.835373 	228.484268 	212.218750 	215.189911 	209.248001 	207.094315 	222.596786 	228.010910 	222.870682 	205.513428 	201.624008 	196.077133 	216.267487 	217.016098 	218.440903 	230.092712 	208.990173 	227.778580 	200.167435 	186.006668 	208.845993 	185.512192 	209.118912 	209.654968 	240.610031 	197.826187 	215.206329 	199.191040 	216.823654 	216.376175 	212.888199 	197.334274 	211.107254 	192.630066 	216.990799 
214.222916 	196.063110 	188.138809 	221.325943 	208.675812 	216.254929 	207.617233 	205.726135 	241.514191 	204.963608 	203.972549 	206.508759 	206.501511 	204.824051 	234.786652 	219.667648 	228.286438 	208.386932 	211.420975 	205.688110 	206.679855 	222.147095 	230.668518 	222.151489 	206.429626 	200.187653 	196.528397 	215.555664 	212.818558 	218.245697 	230.907578 	200.890823 	227.730270 	200.352020 	186.672440 	207.364288 	185.639648 	212.685654 	206.865601 	240.577026 	201.641205 	210.022186 	200.546158 	216.765991 	217.766647 	211.612350 	198.741592 	208.692169 	190.121353 	216.313980 
213.147263 	196.508224 	188.304047 	221.973984 	208.065201 	217.772385 	201.091171 	200.395020 	229.333481 	200.773163 	202.842148 	201.260696 	202.048096 	199.039078 	234.222244 	219.418777 	227.261948 	205.971207 	212.974640 	204.678299 	206.949692 	221.954285 	232.861404 	221.527313 	202.733429 	200.046906 	197.520248 	214.674088 	211.601257 	219.024185 	230.432831 	193.333344 	227.901108 	200.428574 	187.232544 	203.510376 	186.683823 	208.868973 	205.812881 	240.444214 	203.348480 	206.847977 	202.330994 	214.470398 	218.503891 	203.947998 	200.280487 	205.397629 	192.553665 	215.791702 
211.860977 	196.853210 	189.201431 	220.406799 	206.974411 	219.466492 	197.716705 	195.966782 	222.087173 	195.341400 	195.067627 	198.235062 	200.303604 	197.742157 	234.365524 	219.700424 	226.395905 	203.775574 	207.862991 	200.742584 	206.665268 	221.801178 	234.871246 	222.633209 	193.496201 	200.204727 	197.909851 	213.400894 	211.976837 	218.794540 	231.447739 	191.609741 	227.614059 	200.102753 	188.370377 	197.636841 	187.719498 	191.839142 	202.067841 	239.842972 	204.835098 	203.899338 	203.580826 	215.362274 	216.732651 	190.298233 	201.121094 	201.582062 	196.132660 	215.537033 
208.928833 	197.139496 	189.649841 	221.139053 	208.924408 	219.933838 	192.819656 	194.791046 	217.277695 	193.582260 	188.889297 	194.158005 	198.412857 	193.814606 	232.640381 	218.582443 	226.232346 	201.908005 	208.310440 	201.239105 	207.598892 	222.544540 	236.312073 	224.819901 	190.117844 	200.256714 	198.636368 	212.821945 	212.314087 	218.795685 	229.301468 	193.254929 	228.154404 	200.510452 	189.116608 	193.248611 	188.838013 	188.194519 	193.571030 	238.979492 	206.610474 	202.088577 	204.489471 	212.332230 	220.236481 	187.474640 	202.377090 	197.918533 	195.787079 	214.876434 
207.048401 	197.650558 	191.129745 	222.356125 	211.575974 	222.392883 	190.846558 	195.845413 	213.272598 	195.613541 	189.100403 	193.279175 	198.352646 	193.368195 	231.047226 	218.142746 	225.446838 	201.008987 	208.227844 	200.362228 	209.055939 	222.823151 	235.932816 	225.158783 	190.893494 	200.674286 	200.788162 	213.573181 	212.813934 	218.526047 	228.017532 	195.098083 	228.320816 	200.178940 	190.912537 	194.264038 	190.106979 	195.309586 	179.884369 	238.859451 	205.785538 	201.680130 	205.388153 	206.759354 	221.024979 	195.145142 	202.587021 	195.637238 	197.593216 	214.630661 
207.870605 	198.430649 	192.398834 	223.359070 	212.968536 	223.154648 	194.084183 	200.247818 	209.933838 	197.408203 	194.007980 	195.748184 	202.885269 	196.352249 	229.336411 	218.607697 	224.987549 	202.951599 	212.051437 	202.198288 	210.389191 	224.844467 	233.306000 	225.799408 	195.181824 	201.245453 	201.893646 	213.335785 	215.235947 	219.018311 	225.771317 	199.394821 	228.616791 	198.819611 	192.516861 	198.605362 	190.675873 	202.800171 	192.395615 	236.763718 	203.720078 	201.203506 	207.306732 	202.696594 	223.033783 	203.890594 	203.166458 	200.430527 	201.054489 	214.617386 
210.400055 	199.111450 	193.893906 	223.545181 	211.928329 	224.638428 	200.233322 	205.070435 	208.121887 	202.373138 	201.753418 	201.143951 	208.461899 	200.864059 	228.227158 	220.738907 	225.353470 	207.865067 	214.074677 	204.607162 	212.006775 	226.437073 	230.726852 	228.449432 	201.835892 	202.015076 	203.486450 	213.860748 	216.508545 	219.156525 	224.120956 	204.843536 	227.755417 	199.769608 	194.216751 	203.268784 	191.983826 	209.596283 	203.154221 	232.261749 	201.181030 	201.647491 	209.284790 	210.353241 	224.416519 	212.455994 	203.273438 	205.105942 	200.770462 	214.694061 
212.162460 	200.340408 	195.457962 	223.888245 	213.169891 	224.153244 	208.247528 	209.954788 	207.787735 	207.996033 	208.979294 	206.427780 	213.501877 	206.523804 	228.211319 	223.087387 	225.994781 	212.628876 	212.988525 	206.807938 	212.866623 	228.770905 	227.878555 	228.762146 	208.346527 	202.178131 	204.716156 	209.129532 	210.802124 	218.602768 	224.464325 	209.610580 	227.389908 	200.624146 	195.826431 	208.047195 	193.925598 	217.063660 	211.540344 	228.093155 	196.216095 	202.693527 	209.658066 	213.047241 	226.024033 	220.286575 	199.795517 	207.042343 	198.777481 	214.420197 
216.139481 	201.789383 	197.331284 	224.116409 	212.969772 	223.634430 	215.953491 	215.119492 	207.795380 	214.721619 	216.492676 	213.848785 	219.300369 	212.732880 	228.769592 	224.581116 	226.283966 	217.261688 	215.353470 	211.337555 	213.995438 	232.071152 	225.627548 	228.887344 	215.027466 	202.071732 	204.487671 	208.256836 	201.202667 	217.865204 	225.873367 	216.177963 	226.979935 	201.262024 	197.014008 	214.531815 	196.646957 	224.873550 	214.435684 	225.205719 	195.584274 	203.726395 	209.878738 	216.192688 	227.931046 	228.624939 	199.158508 	212.985962 	200.180313 	212.607910 
222.694962 	202.168243 	200.149963 	224.835938 	210.598038 	221.629883 	223.052887 	222.162415 	208.882416 	221.636185 	223.788254 	221.577408 	223.851639 	219.727692 	229.294113 	221.482071 	225.899033 	224.158768 	217.671402 	216.071945 	215.075012 	235.227264 	223.943802 	228.649292 	222.881607 	200.917664 	203.534683 	208.799332 	206.577850 	214.524612 	226.388824 	223.517578 	226.134521 	200.627213 	198.427795 	221.593063 	198.693787 	233.894043 	220.817505 	223.450684 	198.198380 	204.920532 	210.441223 	221.451172 	227.836288 	236.937408 	201.690536 	219.875900 	204.884125 	211.192093 
229.972626 	204.361252 	204.347900 	223.673248 	216.937088 	219.528122 	229.991806 	229.698502 	208.728485 	227.039017 	230.923492 	228.637802 	227.005630 	225.482376 	229.834000 	221.381256 	224.716248 	229.844360 	220.655228 	222.300140 	215.556885 	236.444122 	222.454056 	227.411163 	229.842896 	202.021774 	206.036652 	216.163712 	214.290756 	210.697495 	225.473221 	230.254166 	224.017502 	201.018799 	200.153702 	228.214264 	200.247070 	241.796127 	229.958344 	221.427094 	202.345901 	206.121796 	211.978287 	227.911407 	229.132767 	244.305481 	207.228592 	226.711075 	210.927536 	212.385162 
237.179794 	204.991104 	209.510162 	224.016022 	224.834106 	220.108978 	237.484329 	237.330276 	209.044312 	233.990234 	238.125946 	236.434952 	231.885345 	231.862579 	229.365280 	221.872589 	224.114716 	235.441772 	225.242264 	229.426712 	216.298019 	233.937759 	221.141724 	224.812790 	237.107895 	207.599411 	210.618912 	224.365585 	222.053314 	216.065460 	225.207993 	236.817719 	222.383041 	204.789139 	201.546356 	234.914642 	201.753143 	249.142654 	237.470016 	219.576630 	207.400818 	207.523712 	215.317352 	234.886673 	229.504852 	251.215607 	213.455612 	234.525406 	217.446136 	216.474030 
243.366791 	207.303162 	215.224655 	225.224991 	232.718826 	227.200623 	244.883667 	244.389008 	209.671890 	240.936295 	244.870178 	243.628601 	236.828629 	237.916931 	227.155991 	226.127563 	223.982819 	242.416626 	232.133987 	236.058167 	216.980026 	230.408005 	217.917496 	224.328629 	244.449646 	213.545639 	215.347336 	231.593018 	229.804031 	222.621475 	224.484604 	242.710236 	222.007599 	211.222778 	202.847595 	242.426605 	203.982834 	257.268890 	240.851410 	218.089249 	213.129700 	208.794434 	218.578964 	241.727402 	230.463028 	257.353241 	220.062454 	242.521637 	224.169312 	222.218613 
249.377335 	211.133926 	221.085068 	228.429367 	239.652924 	235.311508 	251.948257 	250.702240 	211.498886 	246.636230 	251.805450 	250.086273 	243.794800 	244.167648 	224.708328 	233.966400 	226.384827 	247.956284 	239.264755 	242.256912 	218.918137 	229.694885 	218.885895 	225.511719 	250.972687 	219.885101 	219.026367 	239.421249 	237.378662 	228.883560 	225.356323 	248.998322 	224.907928 	217.048691 	204.880920 	249.689056 	206.169144 	264.345490 	244.828781 	219.508713 	220.263184 	210.002548 	222.332764 	248.519577 	235.146332 	264.202545 	227.758408 	250.240463 	230.732361 	228.590836 
255.365692 	215.671387 	225.310806 	234.083618 	245.456360 	243.049332 	258.636047 	257.042084 	215.231293 	252.328690 	258.444885 	256.457184 	251.339233 	250.841339 	223.070709 	239.847397 	230.943939 	254.071228 	246.715576 	248.957535 	221.834244 	237.938980 	221.765564 	228.281937 	257.742065 	226.062302 	225.037796 	245.820328 	243.449081 	234.280014 	226.898178 	256.323029 	229.344391 	222.878082 	206.704041 	256.418579 	209.013138 	270.833160 	249.385300 	224.832642 	227.456772 	211.023163 	227.916122 	254.647064 	237.926376 	268.871338 	235.133636 	257.394989 	237.576797 	234.779312 
261.161316 	220.364380 	229.839600 	241.051727 	250.364487 	249.862717 	264.442566 	263.424988 	219.589981 	259.514252 	263.854370 	262.279236 	258.904755 	257.396271 	223.364243 	245.238602 	237.607758 	259.413788 	253.929657 	255.795975 	224.987152 	244.624374 	226.727097 	230.592682 	263.967834 	231.667694 	230.573776 	251.906021 	247.706894 	239.940536 	228.585922 	263.794067 	234.666962 	228.966995 	209.067017 	260.236664 	213.816299 	273.514008 	255.929459 	229.667053 	234.524887 	212.769989 	233.647156 	260.141815 	238.266830 	271.983276 	242.163986 	264.667786 	244.243118 	240.204636 
266.710693 	224.254044 	235.822250 	248.220276 	256.402740 	256.055634 	269.418427 	269.232422 	223.408691 	266.490662 	269.942841 	267.860443 	266.625366 	264.398804 	225.822571 	250.073563 	243.794296 	264.203461 	260.123260 	261.162659 	228.531555 	250.904266 	232.723267 	236.589127 	269.166321 	237.986374 	237.230255 	257.790039 	253.964157 	244.104858 	232.328033 	267.880859 	240.383850 	234.453964 	212.276535 	266.631226 	219.645218 	274.908020 	262.542572 	233.940598 	241.594803 	215.012268 	239.136871 	266.598267 	243.147690 	273.690491 	248.894501 	270.015900 	250.609756 	247.225784 
271.062866 	228.648376 	242.777267 	254.977859 	262.711578 	261.783508 	274.751343 	274.496155 	228.511108 	267.324127 	274.515137 	273.091949 	273.329895 	271.021393 	229.908218 	254.960007 	249.554947 	268.745850 	264.872131 	266.579681 	233.905136 	257.051697 	238.688187 	242.850830 	274.144714 	243.708542 	243.220825 	263.776550 	257.900330 	249.167694 	237.387543 	274.669006 	245.747986 	238.377548 	215.628235 	271.215942 	225.494186 	276.326660 	267.308624 	239.921906 	248.612579 	218.923019 	241.862747 	271.903870 	250.562317 	275.879181 	254.289551 	273.482819 	257.410950 	253.610077 
276.086151 	233.175858 	249.433228 	259.636597 	269.325958 	265.848846 	279.305756 	278.700775 	232.729919 	272.448547 	279.474609 	276.769257 	278.624756 	276.379547 	234.119781 	259.760559 	255.698227 	273.106018 	269.319214 	271.889496 	238.696945 	262.216553 	242.540344 	247.812531 	278.276031 	246.414291 	248.043839 	269.626984 	261.413727 	252.608871 	242.113297 	281.087860 	248.966812 	242.831894 	218.837891 	276.592377 	231.034348 	277.153961 	271.341064 	244.698761 	255.182816 	223.863785 	247.399445 	276.946167 	256.905396 	277.856567 	259.561523 	278.993988 	261.831757 	259.608856 
279.288330 	238.391678 	255.438858 	264.088745 	276.061676 	270.852936 	284.713776 	284.266663 	237.318573 	278.882050 	284.684692 	283.005920 	281.077911 	279.610962 	237.527893 	264.730865 	261.686859 	275.113190 	274.197510 	277.253174 	243.191452 	266.251740 	243.152435 	252.648895 	283.376007 	250.081360 	252.980392 	275.093018 	265.262268 	257.349091 	245.601547 	284.197815 	255.003296 	245.722763 	222.041382 	283.903961 	235.320007 	282.336670 	275.166382 	247.964066 	260.267761 	229.003983 	252.287262 	283.257599 	262.729279 	289.597778 	265.343567 	284.548431 	264.674286 	264.338806 
284.002197 	244.120026 	261.043182 	268.254425 	276.683014 	273.894257 	289.357330 	289.115356 	241.372818 	285.954742 	289.195465 	287.526978 	285.643036 	285.195831 	241.834076 	268.916168 	267.135437 	278.483521 	279.682251 	282.692566 	246.795822 	270.393524 	242.119934 	256.585114 	288.295959 	253.914581 	257.565399 	279.563202 	264.952545 	260.409668 	249.415573 	289.366241 	258.487610 	248.047958 	224.913834 	293.031250 	239.072845 	288.539246 	278.642487 	251.243851 	265.383362 	233.494690 	258.828308 	290.352814 	268.569092 	299.083252 	270.070251 	289.309265 	267.867798 	269.173981 
284.923218 	248.922623 	263.017151 	268.255249 	281.764008 	278.368713 	294.621857 	293.707520 	242.500671 	287.711975 	293.642120 	292.272278 	290.292847 	292.894989 	243.795731 	273.247711 	272.043671 	279.861511 	283.298370 	288.473267 	247.227997 	272.906555 	240.071182 	260.422272 	292.942719 	258.132172 	262.657684 	281.740692 	264.561676 	263.089813 	251.485840 	295.826111 	259.555389 	247.255325 	226.195679 	302.350952 	243.890289 	295.009583 	281.936707 	254.247177 	267.171326 	237.776443 	264.800537 	295.746246 	273.750427 	299.745941 	276.277100 	289.451019 	268.488312 	275.068970 
288.478180 	242.891800 	265.510864 	275.810822 	287.786743 	275.411713 	301.092743 	299.819305 	230.799683 	292.085663 	298.834991 	298.107697 	296.904602 	299.010681 	242.185120 	277.123169 	274.311676 	288.812012 	289.526825 	290.602081 	245.915787 	279.551575 	239.983063 	256.353363 	298.351898 	253.906372 	261.058716 	287.552307 	271.669342 	270.939941 	257.594238 	301.302765 	262.930908 	230.825409 	208.091873 	312.339264 	247.870544 	299.943756 	285.506989 	256.667328 	266.371307 	235.877365 	270.810547 	295.787201 	282.041138 	299.665070 	271.774048 	293.953735 	269.639374 	278.034210 
288.713959 	242.432220 	265.700958 	276.108521 	288.013885 	275.671783 	301.389374 	300.117706 	230.519592 	292.397827 	299.139526 	298.393616 	297.182556 	298.473816 	242.348999 	277.449554 	274.358246 	289.138275 	290.048370 	290.250671 	246.058792 	279.803741 	240.175354 	256.298187 	298.664490 	249.312347 	261.028839 	287.762817 	272.003387 	271.216583 	257.759125 	301.599030 	262.942871 	230.699783 	207.167877 	312.979889 	247.336136 	300.203857 	285.669067 	256.982910 	266.297150 	235.811920 	271.102386 	295.913544 	282.449890 	299.959930 	269.652069 	294.154388 	269.776184 	278.155212 
288.870056 	240.463791 	265.734802 	277.150330 	288.118408 	276.210968 	302.542816 	301.104767 	229.657684 	292.971039 	301.100525 	299.698700 	297.996063 	296.499786 	242.280396 	278.745239 	274.075317 	291.107605 	293.079834 	288.890991 	247.277222 	280.186035 	240.167480 	251.469818 	299.871582 	241.282791 	255.240875 	287.833252 	273.338715 	272.005768 	258.104828 	302.448517 	262.851288 	229.721100 	204.821548 	326.161591 	245.168381 	301.335846 	287.159698 	256.865173 	261.483521 	235.144302 	272.385315 	295.732758 	284.695801 	301.402191 	265.968018 	294.113403 	269.647339 	277.676086 
